Cardinality 2
----------------------------------------
[3, 6]

Cardinality 3
----------------------------------------
[3, 6, 30]
[3, 6, 150]
[3, 6, 750]
[3, 6, 3750]
[3, 6, 10]
[3, 6, 15]
[3, 6, 50]
[3, 6, 75]
[3, 6, 250]
[3, 6, 375]
[3, 6, 1250]
[3, 6, 1875]
[3, 5, 6]
[3, 6, 25]
[3, 6, 125]
[3, 6, 625]

Cardinality 4
----------------------------------------
[3, 6, 30, 150]
[3, 6, 30, 750]
[3, 6, 30, 3750]
[3, 6, 150, 750]
[3, 6, 150, 3750]
[3, 6, 750, 3750]
[3, 6, 10, 15]
[3, 6, 10, 150]
[3, 6, 10, 750]
[3, 6, 10, 3750]
[3, 6, 15, 150]
[3, 6, 15, 750]
[3, 6, 15, 3750]
[3, 6, 30, 50]
[3, 6, 30, 75]
[3, 6, 30, 250]
[3, 6, 30, 375]
[3, 6, 30, 1250]
[3, 6, 30, 1875]
[3, 6, 50, 75]
[3, 6, 50, 750]
[3, 6, 50, 3750]
[3, 6, 75, 750]
[3, 6, 75, 3750]
[3, 6, 150, 250]
[3, 6, 150, 375]
[3, 6, 150, 1250]
[3, 6, 150, 1875]
[3, 6, 250, 375]
[3, 6, 250, 3750]
[3, 6, 375, 3750]
[3, 6, 750, 1250]
[3, 6, 750, 1875]
[3, 6, 1250, 1875]
[3, 5, 6, 10]
[3, 5, 6, 150]
[3, 5, 6, 750]
[3, 5, 6, 3750]
[3, 6, 10, 50]
[3, 6, 10, 75]
[3, 6, 10, 250]
[3, 6, 10, 375]
[3, 6, 10, 1250]
[3, 6, 10, 1875]
[3, 6, 15, 50]
[3, 6, 15, 75]
[3, 6, 15, 250]
[3, 6, 15, 375]
[3, 6, 15, 1250]
[3, 6, 15, 1875]
[3, 6, 25, 30]
[3, 6, 25, 50]
[3, 6, 25, 750]
[3, 6, 25, 3750]
[3, 6, 30, 125]
[3, 6, 30, 625]
[3, 6, 50, 250]
[3, 6, 50, 375]
[3, 6, 50, 1250]
[3, 6, 50, 1875]
[3, 6, 75, 250]
[3, 6, 75, 375]
[3, 6, 75, 1250]
[3, 6, 75, 1875]
[3, 6, 125, 150]
[3, 6, 125, 250]
[3, 6, 125, 3750]
[3, 6, 150, 625]
[3, 6, 250, 1250]
[3, 6, 250, 1875]
[3, 6, 375, 1250]
[3, 6, 375, 1875]
[3, 6, 625, 750]
[3, 6, 625, 1250]
[3, 5, 6, 50]
[3, 5, 6, 75]
[3, 5, 6, 250]
[3, 5, 6, 375]
[3, 5, 6, 1250]
[3, 5, 6, 1875]
[3, 6, 15, 25]
[3, 6, 15, 125]
[3, 6, 15, 625]
[3, 6, 25, 250]
[3, 6, 25, 375]
[3, 6, 25, 1250]
[3, 6, 25, 1875]
[3, 6, 75, 125]
[3, 6, 75, 625]
[3, 6, 125, 1250]
[3, 6, 125, 1875]
[3, 6, 375, 625]
[3, 5, 6, 25]
[3, 5, 6, 125]
[3, 5, 6, 625]
[3, 6, 10, 25]
[3, 6, 10, 125]
[3, 6, 10, 625]
[3, 6, 25, 125]
[3, 6, 25, 625]
[3, 6, 50, 125]
[3, 6, 50, 625]
[3, 6, 125, 625]
[3, 6, 250, 625]

Cardinality 5
----------------------------------------
[3, 6, 30, 150, 750]
[3, 6, 30, 150, 3750]
[3, 6, 30, 750, 3750]
[3, 6, 150, 750, 3750]
[3, 6, 10, 15, 150]
[3, 6, 10, 15, 750]
[3, 6, 10, 15, 3750]
[3, 6, 10, 150, 750]
[3, 6, 10, 150, 3750]
[3, 6, 10, 750, 3750]
[3, 6, 15, 150, 750]
[3, 6, 15, 150, 3750]
[3, 6, 15, 750, 3750]
[3, 6, 30, 50, 75]
[3, 6, 30, 50, 750]
[3, 6, 30, 50, 3750]
[3, 6, 30, 75, 750]
[3, 6, 30, 75, 3750]
[3, 6, 30, 150, 250]
[3, 6, 30, 150, 375]
[3, 6, 30, 150, 1250]
[3, 6, 30, 150, 1875]
[3, 6, 30, 250, 375]
[3, 6, 30, 250, 3750]
[3, 6, 30, 375, 3750]
[3, 6, 30, 750, 1250]
[3, 6, 30, 750, 1875]
[3, 6, 30, 1250, 1875]
[3, 6, 50, 75, 750]
[3, 6, 50, 75, 3750]
[3, 6, 50, 750, 3750]
[3, 6, 75, 750, 3750]
[3, 6, 150, 250, 375]
[3, 6, 150, 250, 3750]
[3, 6, 150, 375, 3750]
[3, 6, 150, 750, 1250]
[3, 6, 150, 750, 1875]
[3, 6, 150, 1250, 1875]
[3, 6, 250, 375, 3750]
[3, 6, 750, 1250, 1875]
[3, 5, 6, 10, 150]
[3, 5, 6, 10, 750]
[3, 5, 6, 10, 3750]
[3, 5, 6, 150, 750]
[3, 5, 6, 150, 3750]
[3, 5, 6, 750, 3750]
[3, 6, 10, 15, 50]
[3, 6, 10, 15, 75]
[3, 6, 10, 15, 250]
[3, 6, 10, 15, 375]
[3, 6, 10, 15, 1250]
[3, 6, 10, 15, 1875]
[3, 6, 10, 50, 75]
[3, 6, 10, 50, 750]
[3, 6, 10, 50, 3750]
[3, 6, 10, 75, 750]
[3, 6, 10, 75, 3750]
[3, 6, 10, 150, 250]
[3, 6, 10, 150, 375]
[3, 6, 10, 150, 1250]
[3, 6, 10, 150, 1875]
[3, 6, 10, 250, 375]
[3, 6, 10, 250, 3750]
[3, 6, 10, 375, 3750]
[3, 6, 10, 750, 1250]
[3, 6, 10, 750, 1875]
[3, 6, 10, 1250, 1875]
[3, 6, 15, 50, 75]
[3, 6, 15, 50, 750]
[3, 6, 15, 50, 3750]
[3, 6, 15, 75, 750]
[3, 6, 15, 75, 3750]
[3, 6, 15, 150, 250]
[3, 6, 15, 150, 375]
[3, 6, 15, 150, 1250]
[3, 6, 15, 150, 1875]
[3, 6, 15, 250, 375]
[3, 6, 15, 250, 3750]
[3, 6, 15, 375, 3750]
[3, 6, 15, 750, 1250]
[3, 6, 15, 750, 1875]
[3, 6, 15, 1250, 1875]
[3, 6, 25, 30, 50]
[3, 6, 25, 30, 750]
[3, 6, 25, 30, 3750]
[3, 6, 25, 50, 750]
[3, 6, 25, 50, 3750]
[3, 6, 25, 750, 3750]
[3, 6, 30, 50, 250]
[3, 6, 30, 50, 375]
[3, 6, 30, 50, 1250]
[3, 6, 30, 50, 1875]
[3, 6, 30, 75, 250]
[3, 6, 30, 75, 375]
[3, 6, 30, 75, 1250]
[3, 6, 30, 75, 1875]
[3, 6, 30, 125, 150]
[3, 6, 30, 125, 250]
[3, 6, 30, 125, 3750]
[3, 6, 30, 150, 625]
[3, 6, 30, 250, 1250]
[3, 6, 30, 250, 1875]
[3, 6, 30, 375, 1250]
[3, 6, 30, 375, 1875]
[3, 6, 30, 625, 750]
[3, 6, 30, 625, 1250]
[3, 6, 50, 75, 250]
[3, 6, 50, 75, 375]
[3, 6, 50, 75, 1250]
[3, 6, 50, 75, 1875]
[3, 6, 50, 250, 375]
[3, 6, 50, 250, 3750]
[3, 6, 50, 375, 3750]
[3, 6, 50, 750, 1250]
[3, 6, 50, 750, 1875]
[3, 6, 50, 1250, 1875]
[3, 6, 75, 250, 375]
[3, 6, 75, 250, 3750]
[3, 6, 75, 375, 3750]
[3, 6, 75, 750, 1250]
[3, 6, 75, 750, 1875]
[3, 6, 75, 1250, 1875]
[3, 6, 125, 150, 250]
[3, 6, 125, 150, 3750]
[3, 6, 125, 250, 3750]
[3, 6, 150, 250, 1250]
[3, 6, 150, 250, 1875]
[3, 6, 150, 375, 1250]
[3, 6, 150, 375, 1875]
[3, 6, 150, 625, 750]
[3, 6, 150, 625, 1250]
[3, 6, 250, 375, 1250]
[3, 6, 250, 375, 1875]
[3, 6, 250, 1250, 1875]
[3, 6, 375, 1250, 1875]
[3, 6, 625, 750, 1250]
[3, 5, 6, 10, 50]
[3, 5, 6, 10, 75]
[3, 5, 6, 10, 250]
[3, 5, 6, 10, 375]
[3, 5, 6, 10, 1250]
[3, 5, 6, 10, 1875]
[3, 5, 6, 50, 75]
[3, 5, 6, 50, 750]
[3, 5, 6, 50, 3750]
[3, 5, 6, 75, 750]
[3, 5, 6, 75, 3750]
[3, 5, 6, 150, 250]
[3, 5, 6, 150, 375]
[3, 5, 6, 150, 1250]
[3, 5, 6, 150, 1875]
[3, 5, 6, 250, 375]
[3, 5, 6, 250, 3750]
[3, 5, 6, 375, 3750]
[3, 5, 6, 750, 1250]
[3, 5, 6, 750, 1875]
[3, 5, 6, 1250, 1875]
[3, 6, 10, 50, 250]
[3, 6, 10, 50, 375]
[3, 6, 10, 50, 1250]
[3, 6, 10, 50, 1875]
[3, 6, 10, 75, 250]
[3, 6, 10, 75, 375]
[3, 6, 10, 75, 1250]
[3, 6, 10, 75, 1875]
[3, 6, 10, 250, 1250]
[3, 6, 10, 250, 1875]
[3, 6, 10, 375, 1250]
[3, 6, 10, 375, 1875]
[3, 6, 15, 25, 50]
[3, 6, 15, 25, 750]
[3, 6, 15, 25, 3750]
[3, 6, 15, 50, 250]
[3, 6, 15, 50, 375]
[3, 6, 15, 50, 1250]
[3, 6, 15, 50, 1875]
[3, 6, 15, 75, 250]
[3, 6, 15, 75, 375]
[3, 6, 15, 75, 1250]
[3, 6, 15, 75, 1875]
[3, 6, 15, 125, 150]
[3, 6, 15, 125, 250]
[3, 6, 15, 125, 3750]
[3, 6, 15, 150, 625]
[3, 6, 15, 250, 1250]
[3, 6, 15, 250, 1875]
[3, 6, 15, 375, 1250]
[3, 6, 15, 375, 1875]
[3, 6, 15, 625, 750]
[3, 6, 15, 625, 1250]
[3, 6, 25, 30, 250]
[3, 6, 25, 30, 375]
[3, 6, 25, 30, 1250]
[3, 6, 25, 30, 1875]
[3, 6, 25, 50, 250]
[3, 6, 25, 50, 375]
[3, 6, 25, 50, 1250]
[3, 6, 25, 50, 1875]
[3, 6, 25, 250, 375]
[3, 6, 25, 250, 3750]
[3, 6, 25, 375, 3750]
[3, 6, 25, 750, 1250]
[3, 6, 25, 750, 1875]
[3, 6, 25, 1250, 1875]
[3, 6, 30, 75, 125]
[3, 6, 30, 75, 625]
[3, 6, 30, 125, 1250]
[3, 6, 30, 125, 1875]
[3, 6, 30, 375, 625]
[3, 6, 50, 250, 1250]
[3, 6, 50, 250, 1875]
[3, 6, 50, 375, 1250]
[3, 6, 50, 375, 1875]
[3, 6, 75, 125, 250]
[3, 6, 75, 125, 3750]
[3, 6, 75, 250, 1250]
[3, 6, 75, 250, 1875]
[3, 6, 75, 375, 1250]
[3, 6, 75, 375, 1875]
[3, 6, 75, 625, 750]
[3, 6, 75, 625, 1250]
[3, 6, 125, 150, 1250]
[3, 6, 125, 150, 1875]
[3, 6, 125, 250, 1250]
[3, 6, 125, 250, 1875]
[3, 6, 125, 1250, 1875]
[3, 6, 150, 375, 625]
[3, 6, 375, 625, 1250]
[3, 5, 6, 25, 50]
[3, 5, 6, 25, 750]
[3, 5, 6, 25, 3750]
[3, 5, 6, 50, 250]
[3, 5, 6, 50, 375]
[3, 5, 6, 50, 1250]
[3, 5, 6, 50, 1875]
[3, 5, 6, 75, 250]
[3, 5, 6, 75, 375]
[3, 5, 6, 75, 1250]
[3, 5, 6, 75, 1875]
[3, 5, 6, 125, 150]
[3, 5, 6, 125, 250]
[3, 5, 6, 125, 3750]
[3, 5, 6, 150, 625]
[3, 5, 6, 250, 1250]
[3, 5, 6, 250, 1875]
[3, 5, 6, 375, 1250]
[3, 5, 6, 375, 1875]
[3, 5, 6, 625, 750]
[3, 5, 6, 625, 1250]
[3, 6, 10, 15, 25]
[3, 6, 10, 15, 125]
[3, 6, 10, 15, 625]
[3, 6, 10, 25, 750]
[3, 6, 10, 25, 3750]
[3, 6, 10, 125, 150]
[3, 6, 10, 125, 3750]
[3, 6, 10, 150, 625]
[3, 6, 10, 625, 750]
[3, 6, 15, 25, 250]
[3, 6, 15, 25, 375]
[3, 6, 15, 25, 1250]
[3, 6, 15, 25, 1875]
[3, 6, 15, 75, 125]
[3, 6, 15, 75, 625]
[3, 6, 15, 125, 1250]
[3, 6, 15, 125, 1875]
[3, 6, 15, 375, 625]
[3, 6, 25, 30, 125]
[3, 6, 25, 30, 625]
[3, 6, 25, 125, 250]
[3, 6, 25, 125, 3750]
[3, 6, 25, 250, 1250]
[3, 6, 25, 250, 1875]
[3, 6, 25, 375, 1250]
[3, 6, 25, 375, 1875]
[3, 6, 25, 625, 750]
[3, 6, 25, 625, 1250]
[3, 6, 30, 50, 125]
[3, 6, 30, 50, 625]
[3, 6, 30, 125, 625]
[3, 6, 30, 250, 625]
[3, 6, 50, 75, 125]
[3, 6, 50, 75, 625]
[3, 6, 50, 125, 3750]
[3, 6, 50, 625, 750]
[3, 6, 75, 125, 1250]
[3, 6, 75, 125, 1875]
[3, 6, 75, 375, 625]
[3, 6, 125, 150, 625]
[3, 6, 125, 625, 1250]
[3, 6, 150, 250, 625]
[3, 6, 250, 375, 625]
[3, 5, 6, 10, 25]
[3, 5, 6, 10, 125]
[3, 5, 6, 10, 625]
[3, 5, 6, 25, 250]
[3, 5, 6, 25, 375]
[3, 5, 6, 25, 1250]
[3, 5, 6, 25, 1875]
[3, 5, 6, 75, 125]
[3, 5, 6, 75, 625]
[3, 5, 6, 125, 1250]
[3, 5, 6, 125, 1875]
[3, 5, 6, 375, 625]
[3, 6, 10, 25, 250]
[3, 6, 10, 25, 375]
[3, 6, 10, 25, 1250]
[3, 6, 10, 25, 1875]
[3, 6, 10, 50, 125]
[3, 6, 10, 50, 625]
[3, 6, 10, 75, 125]
[3, 6, 10, 75, 625]
[3, 6, 10, 125, 1250]
[3, 6, 10, 125, 1875]
[3, 6, 10, 250, 625]
[3, 6, 10, 375, 625]
[3, 6, 15, 25, 125]
[3, 6, 15, 25, 625]
[3, 6, 15, 50, 125]
[3, 6, 15, 50, 625]
[3, 6, 15, 125, 625]
[3, 6, 15, 250, 625]
[3, 6, 25, 50, 125]
[3, 6, 25, 50, 625]
[3, 6, 25, 125, 1250]
[3, 6, 25, 125, 1875]
[3, 6, 25, 375, 625]
[3, 6, 50, 125, 1250]
[3, 6, 50, 125, 1875]
[3, 6, 50, 250, 625]
[3, 6, 50, 375, 625]
[3, 6, 75, 125, 625]
[3, 6, 75, 250, 625]
[3, 6, 125, 250, 625]
[3, 5, 6, 25, 125]
[3, 5, 6, 25, 625]
[3, 5, 6, 50, 125]
[3, 5, 6, 50, 625]
[3, 5, 6, 125, 625]
[3, 5, 6, 250, 625]
[3, 6, 25, 125, 625]
[3, 6, 25, 250, 625]
[3, 6, 10, 25, 125]
[3, 6, 10, 25, 625]
[3, 6, 10, 125, 625]
[3, 6, 50, 125, 625]

Cardinality 6
----------------------------------------
[3, 6, 30, 150, 750, 3750]
[3, 6, 10, 15, 150, 750]
[3, 6, 10, 15, 150, 3750]
[3, 6, 10, 15, 750, 3750]
[3, 6, 10, 150, 750, 3750]
[3, 6, 15, 150, 750, 3750]
[3, 6, 30, 50, 75, 750]
[3, 6, 30, 50, 75, 3750]
[3, 6, 30, 50, 750, 3750]
[3, 6, 30, 75, 750, 3750]
[3, 6, 30, 150, 250, 375]
[3, 6, 30, 150, 250, 3750]
[3, 6, 30, 150, 375, 3750]
[3, 6, 30, 150, 750, 1250]
[3, 6, 30, 150, 750, 1875]
[3, 6, 30, 150, 1250, 1875]
[3, 6, 30, 250, 375, 3750]
[3, 6, 30, 750, 1250, 1875]
[3, 6, 50, 75, 750, 3750]
[3, 6, 150, 250, 375, 3750]
[3, 6, 150, 750, 1250, 1875]
[3, 5, 6, 10, 150, 750]
[3, 5, 6, 10, 150, 3750]
[3, 5, 6, 10, 750, 3750]
[3, 5, 6, 150, 750, 3750]
[3, 6, 10, 15, 50, 75]
[3, 6, 10, 15, 50, 750]
[3, 6, 10, 15, 50, 3750]
[3, 6, 10, 15, 75, 750]
[3, 6, 10, 15, 75, 3750]
[3, 6, 10, 15, 150, 250]
[3, 6, 10, 15, 150, 375]
[3, 6, 10, 15, 150, 1250]
[3, 6, 10, 15, 150, 1875]
[3, 6, 10, 15, 250, 375]
[3, 6, 10, 15, 250, 3750]
[3, 6, 10, 15, 375, 3750]
[3, 6, 10, 15, 750, 1250]
[3, 6, 10, 15, 750, 1875]
[3, 6, 10, 15, 1250, 1875]
[3, 6, 10, 50, 75, 750]
[3, 6, 10, 50, 75, 3750]
[3, 6, 10, 50, 750, 3750]
[3, 6, 10, 75, 750, 3750]
[3, 6, 10, 150, 250, 375]
[3, 6, 10, 150, 250, 3750]
[3, 6, 10, 150, 375, 3750]
[3, 6, 10, 150, 750, 1250]
[3, 6, 10, 150, 750, 1875]
[3, 6, 10, 150, 1250, 1875]
[3, 6, 10, 250, 375, 3750]
[3, 6, 10, 750, 1250, 1875]
[3, 6, 15, 50, 75, 750]
[3, 6, 15, 50, 75, 3750]
[3, 6, 15, 50, 750, 3750]
[3, 6, 15, 75, 750, 3750]
[3, 6, 15, 150, 250, 375]
[3, 6, 15, 150, 250, 3750]
[3, 6, 15, 150, 375, 3750]
[3, 6, 15, 150, 750, 1250]
[3, 6, 15, 150, 750, 1875]
[3, 6, 15, 150, 1250, 1875]
[3, 6, 15, 250, 375, 3750]
[3, 6, 15, 750, 1250, 1875]
[3, 6, 25, 30, 50, 750]
[3, 6, 25, 30, 50, 3750]
[3, 6, 25, 30, 750, 3750]
[3, 6, 25, 50, 750, 3750]
[3, 6, 30, 50, 75, 250]
[3, 6, 30, 50, 75, 375]
[3, 6, 30, 50, 75, 1250]
[3, 6, 30, 50, 75, 1875]
[3, 6, 30, 50, 250, 375]
[3, 6, 30, 50, 250, 3750]
[3, 6, 30, 50, 375, 3750]
[3, 6, 30, 50, 750, 1250]
[3, 6, 30, 50, 750, 1875]
[3, 6, 30, 50, 1250, 1875]
[3, 6, 30, 75, 250, 375]
[3, 6, 30, 75, 250, 3750]
[3, 6, 30, 75, 375, 3750]
[3, 6, 30, 75, 750, 1250]
[3, 6, 30, 75, 750, 1875]
[3, 6, 30, 75, 1250, 1875]
[3, 6, 30, 125, 150, 250]
[3, 6, 30, 125, 150, 3750]
[3, 6, 30, 125, 250, 3750]
[3, 6, 30, 150, 250, 1250]
[3, 6, 30, 150, 250, 1875]
[3, 6, 30, 150, 375, 1250]
[3, 6, 30, 150, 375, 1875]
[3, 6, 30, 150, 625, 750]
[3, 6, 30, 150, 625, 1250]
[3, 6, 30, 250, 375, 1250]
[3, 6, 30, 250, 375, 1875]
[3, 6, 30, 250, 1250, 1875]
[3, 6, 30, 375, 1250, 1875]
[3, 6, 30, 625, 750, 1250]
[3, 6, 50, 75, 250, 375]
[3, 6, 50, 75, 250, 3750]
[3, 6, 50, 75, 375, 3750]
[3, 6, 50, 75, 750, 1250]
[3, 6, 50, 75, 750, 1875]
[3, 6, 50, 75, 1250, 1875]
[3, 6, 50, 250, 375, 3750]
[3, 6, 50, 750, 1250, 1875]
[3, 6, 75, 250, 375, 3750]
[3, 6, 75, 750, 1250, 1875]
[3, 6, 125, 150, 250, 3750]
[3, 6, 150, 250, 375, 1250]
[3, 6, 150, 250, 375, 1875]
[3, 6, 150, 250, 1250, 1875]
[3, 6, 150, 375, 1250, 1875]
[3, 6, 150, 625, 750, 1250]
[3, 6, 250, 375, 1250, 1875]
[3, 5, 6, 10, 50, 75]
[3, 5, 6, 10, 50, 750]
[3, 5, 6, 10, 50, 3750]
[3, 5, 6, 10, 75, 750]
[3, 5, 6, 10, 75, 3750]
[3, 5, 6, 10, 150, 250]
[3, 5, 6, 10, 150, 375]
[3, 5, 6, 10, 150, 1250]
[3, 5, 6, 10, 150, 1875]
[3, 5, 6, 10, 250, 375]
[3, 5, 6, 10, 250, 3750]
[3, 5, 6, 10, 375, 3750]
[3, 5, 6, 10, 750, 1250]
[3, 5, 6, 10, 750, 1875]
[3, 5, 6, 10, 1250, 1875]
[3, 5, 6, 50, 75, 750]
[3, 5, 6, 50, 75, 3750]
[3, 5, 6, 50, 750, 3750]
[3, 5, 6, 75, 750, 3750]
[3, 5, 6, 150, 250, 375]
[3, 5, 6, 150, 250, 3750]
[3, 5, 6, 150, 375, 3750]
[3, 5, 6, 150, 750, 1250]
[3, 5, 6, 150, 750, 1875]
[3, 5, 6, 150, 1250, 1875]
[3, 5, 6, 250, 375, 3750]
[3, 5, 6, 750, 1250, 1875]
[3, 6, 10, 15, 50, 250]
[3, 6, 10, 15, 50, 375]
[3, 6, 10, 15, 50, 1250]
[3, 6, 10, 15, 50, 1875]
[3, 6, 10, 15, 75, 250]
[3, 6, 10, 15, 75, 375]
[3, 6, 10, 15, 75, 1250]
[3, 6, 10, 15, 75, 1875]
[3, 6, 10, 15, 250, 1250]
[3, 6, 10, 15, 250, 1875]
[3, 6, 10, 15, 375, 1250]
[3, 6, 10, 15, 375, 1875]
[3, 6, 10, 50, 75, 250]
[3, 6, 10, 50, 75, 375]
[3, 6, 10, 50, 75, 1250]
[3, 6, 10, 50, 75, 1875]
[3, 6, 10, 50, 250, 375]
[3, 6, 10, 50, 250, 3750]
[3, 6, 10, 50, 375, 3750]
[3, 6, 10, 50, 750, 1250]
[3, 6, 10, 50, 750, 1875]
[3, 6, 10, 50, 1250, 1875]
[3, 6, 10, 75, 250, 375]
[3, 6, 10, 75, 250, 3750]
[3, 6, 10, 75, 375, 3750]
[3, 6, 10, 75, 750, 1250]
[3, 6, 10, 75, 750, 1875]
[3, 6, 10, 75, 1250, 1875]
[3, 6, 10, 150, 250, 1250]
[3, 6, 10, 150, 250, 1875]
[3, 6, 10, 150, 375, 1250]
[3, 6, 10, 150, 375, 1875]
[3, 6, 10, 250, 375, 1250]
[3, 6, 10, 250, 375, 1875]
[3, 6, 10, 250, 1250, 1875]
[3, 6, 10, 375, 1250, 1875]
[3, 6, 15, 25, 50, 750]
[3, 6, 15, 25, 50, 3750]
[3, 6, 15, 25, 750, 3750]
[3, 6, 15, 50, 75, 250]
[3, 6, 15, 50, 75, 375]
[3, 6, 15, 50, 75, 1250]
[3, 6, 15, 50, 75, 1875]
[3, 6, 15, 50, 250, 375]
[3, 6, 15, 50, 250, 3750]
[3, 6, 15, 50, 375, 3750]
[3, 6, 15, 50, 750, 1250]
[3, 6, 15, 50, 750, 1875]
[3, 6, 15, 50, 1250, 1875]
[3, 6, 15, 75, 250, 375]
[3, 6, 15, 75, 250, 3750]
[3, 6, 15, 75, 375, 3750]
[3, 6, 15, 75, 750, 1250]
[3, 6, 15, 75, 750, 1875]
[3, 6, 15, 75, 1250, 1875]
[3, 6, 15, 125, 150, 250]
[3, 6, 15, 125, 150, 3750]
[3, 6, 15, 125, 250, 3750]
[3, 6, 15, 150, 250, 1250]
[3, 6, 15, 150, 250, 1875]
[3, 6, 15, 150, 375, 1250]
[3, 6, 15, 150, 375, 1875]
[3, 6, 15, 150, 625, 750]
[3, 6, 15, 150, 625, 1250]
[3, 6, 15, 250, 375, 1250]
[3, 6, 15, 250, 375, 1875]
[3, 6, 15, 250, 1250, 1875]
[3, 6, 15, 375, 1250, 1875]
[3, 6, 15, 625, 750, 1250]
[3, 6, 25, 30, 50, 250]
[3, 6, 25, 30, 50, 375]
[3, 6, 25, 30, 50, 1250]
[3, 6, 25, 30, 50, 1875]
[3, 6, 25, 30, 250, 375]
[3, 6, 25, 30, 250, 3750]
[3, 6, 25, 30, 375, 3750]
[3, 6, 25, 30, 750, 1250]
[3, 6, 25, 30, 750, 1875]
[3, 6, 25, 30, 1250, 1875]
[3, 6, 25, 50, 250, 375]
[3, 6, 25, 50, 250, 3750]
[3, 6, 25, 50, 375, 3750]
[3, 6, 25, 50, 750, 1250]
[3, 6, 25, 50, 750, 1875]
[3, 6, 25, 50, 1250, 1875]
[3, 6, 25, 250, 375, 3750]
[3, 6, 25, 750, 1250, 1875]
[3, 6, 30, 50, 250, 1250]
[3, 6, 30, 50, 250, 1875]
[3, 6, 30, 50, 375, 1250]
[3, 6, 30, 50, 375, 1875]
[3, 6, 30, 75, 125, 250]
[3, 6, 30, 75, 125, 3750]
[3, 6, 30, 75, 250, 1250]
[3, 6, 30, 75, 250, 1875]
[3, 6, 30, 75, 375, 1250]
[3, 6, 30, 75, 375, 1875]
[3, 6, 30, 75, 625, 750]
[3, 6, 30, 75, 625, 1250]
[3, 6, 30, 125, 150, 1250]
[3, 6, 30, 125, 150, 1875]
[3, 6, 30, 125, 250, 1250]
[3, 6, 30, 125, 250, 1875]
[3, 6, 30, 125, 1250, 1875]
[3, 6, 30, 150, 375, 625]
[3, 6, 30, 375, 625, 1250]
[3, 6, 50, 75, 250, 1250]
[3, 6, 50, 75, 250, 1875]
[3, 6, 50, 75, 375, 1250]
[3, 6, 50, 75, 375, 1875]
[3, 6, 50, 250, 375, 1250]
[3, 6, 50, 250, 375, 1875]
[3, 6, 50, 250, 1250, 1875]
[3, 6, 50, 375, 1250, 1875]
[3, 6, 75, 125, 250, 3750]
[3, 6, 75, 250, 375, 1250]
[3, 6, 75, 250, 375, 1875]
[3, 6, 75, 250, 1250, 1875]
[3, 6, 75, 375, 1250, 1875]
[3, 6, 75, 625, 750, 1250]
[3, 6, 125, 150, 250, 1250]
[3, 6, 125, 150, 250, 1875]
[3, 6, 125, 150, 1250, 1875]
[3, 6, 125, 250, 1250, 1875]
[3, 6, 150, 375, 625, 1250]
[3, 5, 6, 10, 50, 250]
[3, 5, 6, 10, 50, 375]
[3, 5, 6, 10, 50, 1250]
[3, 5, 6, 10, 50, 1875]
[3, 5, 6, 10, 75, 250]
[3, 5, 6, 10, 75, 375]
[3, 5, 6, 10, 75, 1250]
[3, 5, 6, 10, 75, 1875]
[3, 5, 6, 10, 250, 1250]
[3, 5, 6, 10, 250, 1875]
[3, 5, 6, 10, 375, 1250]
[3, 5, 6, 10, 375, 1875]
[3, 5, 6, 25, 50, 750]
[3, 5, 6, 25, 50, 3750]
[3, 5, 6, 25, 750, 3750]
[3, 5, 6, 50, 75, 250]
[3, 5, 6, 50, 75, 375]
[3, 5, 6, 50, 75, 1250]
[3, 5, 6, 50, 75, 1875]
[3, 5, 6, 50, 250, 375]
[3, 5, 6, 50, 250, 3750]
[3, 5, 6, 50, 375, 3750]
[3, 5, 6, 50, 750, 1250]
[3, 5, 6, 50, 750, 1875]
[3, 5, 6, 50, 1250, 1875]
[3, 5, 6, 75, 250, 375]
[3, 5, 6, 75, 250, 3750]
[3, 5, 6, 75, 375, 3750]
[3, 5, 6, 75, 750, 1250]
[3, 5, 6, 75, 750, 1875]
[3, 5, 6, 75, 1250, 1875]
[3, 5, 6, 125, 150, 250]
[3, 5, 6, 125, 150, 3750]
[3, 5, 6, 125, 250, 3750]
[3, 5, 6, 150, 250, 1250]
[3, 5, 6, 150, 250, 1875]
[3, 5, 6, 150, 375, 1250]
[3, 5, 6, 150, 375, 1875]
[3, 5, 6, 150, 625, 750]
[3, 5, 6, 150, 625, 1250]
[3, 5, 6, 250, 375, 1250]
[3, 5, 6, 250, 375, 1875]
[3, 5, 6, 250, 1250, 1875]
[3, 5, 6, 375, 1250, 1875]
[3, 5, 6, 625, 750, 1250]
[3, 6, 10, 15, 25, 750]
[3, 6, 10, 15, 25, 3750]
[3, 6, 10, 15, 125, 150]
[3, 6, 10, 15, 125, 3750]
[3, 6, 10, 15, 150, 625]
[3, 6, 10, 15, 625, 750]
[3, 6, 10, 25, 750, 3750]
[3, 6, 10, 50, 250, 1250]
[3, 6, 10, 50, 250, 1875]
[3, 6, 10, 50, 375, 1250]
[3, 6, 10, 50, 375, 1875]
[3, 6, 10, 75, 250, 1250]
[3, 6, 10, 75, 250, 1875]
[3, 6, 10, 75, 375, 1250]
[3, 6, 10, 75, 375, 1875]
[3, 6, 10, 125, 150, 3750]
[3, 6, 10, 150, 625, 750]
[3, 6, 15, 25, 50, 250]
[3, 6, 15, 25, 50, 375]
[3, 6, 15, 25, 50, 1250]
[3, 6, 15, 25, 50, 1875]
[3, 6, 15, 25, 250, 375]
[3, 6, 15, 25, 250, 3750]
[3, 6, 15, 25, 375, 3750]
[3, 6, 15, 25, 750, 1250]
[3, 6, 15, 25, 750, 1875]
[3, 6, 15, 25, 1250, 1875]
[3, 6, 15, 50, 250, 1250]
[3, 6, 15, 50, 250, 1875]
[3, 6, 15, 50, 375, 1250]
[3, 6, 15, 50, 375, 1875]
[3, 6, 15, 75, 125, 250]
[3, 6, 15, 75, 125, 3750]
[3, 6, 15, 75, 250, 1250]
[3, 6, 15, 75, 250, 1875]
[3, 6, 15, 75, 375, 1250]
[3, 6, 15, 75, 375, 1875]
[3, 6, 15, 75, 625, 750]
[3, 6, 15, 75, 625, 1250]
[3, 6, 15, 125, 150, 1250]
[3, 6, 15, 125, 150, 1875]
[3, 6, 15, 125, 250, 1250]
[3, 6, 15, 125, 250, 1875]
[3, 6, 15, 125, 1250, 1875]
[3, 6, 15, 150, 375, 625]
[3, 6, 15, 375, 625, 1250]
[3, 6, 25, 30, 125, 250]
[3, 6, 25, 30, 125, 3750]
[3, 6, 25, 30, 250, 1250]
[3, 6, 25, 30, 250, 1875]
[3, 6, 25, 30, 375, 1250]
[3, 6, 25, 30, 375, 1875]
[3, 6, 25, 30, 625, 750]
[3, 6, 25, 30, 625, 1250]
[3, 6, 25, 50, 250, 1250]
[3, 6, 25, 50, 250, 1875]
[3, 6, 25, 50, 375, 1250]
[3, 6, 25, 50, 375, 1875]
[3, 6, 25, 125, 250, 3750]
[3, 6, 25, 250, 375, 1250]
[3, 6, 25, 250, 375, 1875]
[3, 6, 25, 250, 1250, 1875]
[3, 6, 25, 375, 1250, 1875]
[3, 6, 25, 625, 750, 1250]
[3, 6, 30, 50, 75, 125]
[3, 6, 30, 50, 75, 625]
[3, 6, 30, 50, 125, 3750]
[3, 6, 30, 50, 625, 750]
[3, 6, 30, 75, 125, 1250]
[3, 6, 30, 75, 125, 1875]
[3, 6, 30, 75, 375, 625]
[3, 6, 30, 125, 150, 625]
[3, 6, 30, 125, 625, 1250]
[3, 6, 30, 150, 250, 625]
[3, 6, 30, 250, 375, 625]
[3, 6, 50, 75, 125, 3750]
[3, 6, 50, 75, 625, 750]
[3, 6, 75, 125, 250, 1250]
[3, 6, 75, 125, 250, 1875]
[3, 6, 75, 125, 1250, 1875]
[3, 6, 75, 375, 625, 1250]
[3, 6, 125, 150, 625, 1250]
[3, 6, 150, 250, 375, 625]
[3, 5, 6, 10, 25, 750]
[3, 5, 6, 10, 25, 3750]
[3, 5, 6, 10, 125, 150]
[3, 5, 6, 10, 125, 3750]
[3, 5, 6, 10, 150, 625]
[3, 5, 6, 10, 625, 750]
[3, 5, 6, 25, 50, 250]
[3, 5, 6, 25, 50, 375]
[3, 5, 6, 25, 50, 1250]
[3, 5, 6, 25, 50, 1875]
[3, 5, 6, 25, 250, 375]
[3, 5, 6, 25, 250, 3750]
[3, 5, 6, 25, 375, 3750]
[3, 5, 6, 25, 750, 1250]
[3, 5, 6, 25, 750, 1875]
[3, 5, 6, 25, 1250, 1875]
[3, 5, 6, 50, 250, 1250]
[3, 5, 6, 50, 250, 1875]
[3, 5, 6, 50, 375, 1250]
[3, 5, 6, 50, 375, 1875]
[3, 5, 6, 75, 125, 250]
[3, 5, 6, 75, 125, 3750]
[3, 5, 6, 75, 250, 1250]
[3, 5, 6, 75, 250, 1875]
[3, 5, 6, 75, 375, 1250]
[3, 5, 6, 75, 375, 1875]
[3, 5, 6, 75, 625, 750]
[3, 5, 6, 75, 625, 1250]
[3, 5, 6, 125, 150, 1250]
[3, 5, 6, 125, 150, 1875]
[3, 5, 6, 125, 250, 1250]
[3, 5, 6, 125, 250, 1875]
[3, 5, 6, 125, 1250, 1875]
[3, 5, 6, 150, 375, 625]
[3, 5, 6, 375, 625, 1250]
[3, 6, 10, 15, 25, 250]
[3, 6, 10, 15, 25, 375]
[3, 6, 10, 15, 25, 1250]
[3, 6, 10, 15, 25, 1875]
[3, 6, 10, 15, 50, 125]
[3, 6, 10, 15, 50, 625]
[3, 6, 10, 15, 75, 125]
[3, 6, 10, 15, 75, 625]
[3, 6, 10, 15, 125, 1250]
[3, 6, 10, 15, 125, 1875]
[3, 6, 10, 15, 250, 625]
[3, 6, 10, 15, 375, 625]
[3, 6, 10, 25, 250, 375]
[3, 6, 10, 25, 250, 3750]
[3, 6, 10, 25, 375, 3750]
[3, 6, 10, 25, 750, 1250]
[3, 6, 10, 25, 750, 1875]
[3, 6, 10, 25, 1250, 1875]
[3, 6, 10, 50, 75, 125]
[3, 6, 10, 50, 75, 625]
[3, 6, 10, 50, 125, 3750]
[3, 6, 10, 50, 625, 750]
[3, 6, 10, 75, 125, 3750]
[3, 6, 10, 75, 625, 750]
[3, 6, 10, 125, 150, 1250]
[3, 6, 10, 125, 150, 1875]
[3, 6, 10, 125, 1250, 1875]
[3, 6, 10, 150, 250, 625]
[3, 6, 10, 150, 375, 625]
[3, 6, 10, 250, 375, 625]
[3, 6, 15, 25, 125, 250]
[3, 6, 15, 25, 125, 3750]
[3, 6, 15, 25, 250, 1250]
[3, 6, 15, 25, 250, 1875]
[3, 6, 15, 25, 375, 1250]
[3, 6, 15, 25, 375, 1875]
[3, 6, 15, 25, 625, 750]
[3, 6, 15, 25, 625, 1250]
[3, 6, 15, 50, 75, 125]
[3, 6, 15, 50, 75, 625]
[3, 6, 15, 50, 125, 3750]
[3, 6, 15, 50, 625, 750]
[3, 6, 15, 75, 125, 1250]
[3, 6, 15, 75, 125, 1875]
[3, 6, 15, 75, 375, 625]
[3, 6, 15, 125, 150, 625]
[3, 6, 15, 125, 625, 1250]
[3, 6, 15, 150, 250, 625]
[3, 6, 15, 250, 375, 625]
[3, 6, 25, 30, 50, 125]
[3, 6, 25, 30, 50, 625]
[3, 6, 25, 30, 125, 1250]
[3, 6, 25, 30, 125, 1875]
[3, 6, 25, 30, 375, 625]
[3, 6, 25, 50, 125, 3750]
[3, 6, 25, 50, 625, 750]
[3, 6, 25, 125, 250, 1250]
[3, 6, 25, 125, 250, 1875]
[3, 6, 25, 125, 1250, 1875]
[3, 6, 25, 375, 625, 1250]
[3, 6, 30, 50, 125, 1250]
[3, 6, 30, 50, 125, 1875]
[3, 6, 30, 50, 250, 625]
[3, 6, 30, 50, 375, 625]
[3, 6, 30, 75, 125, 625]
[3, 6, 30, 75, 250, 625]
[3, 6, 30, 125, 250, 625]
[3, 6, 50, 75, 125, 1250]
[3, 6, 50, 75, 125, 1875]
[3, 6, 50, 75, 250, 625]
[3, 6, 50, 75, 375, 625]
[3, 6, 50, 125, 1250, 1875]
[3, 6, 50, 250, 375, 625]
[3, 6, 75, 125, 625, 1250]
[3, 6, 75, 250, 375, 625]
[3, 6, 125, 150, 250, 625]
[3, 5, 6, 10, 25, 250]
[3, 5, 6, 10, 25, 375]
[3, 5, 6, 10, 25, 1250]
[3, 5, 6, 10, 25, 1875]
[3, 5, 6, 10, 50, 125]
[3, 5, 6, 10, 50, 625]
[3, 5, 6, 10, 75, 125]
[3, 5, 6, 10, 75, 625]
[3, 5, 6, 10, 125, 1250]
[3, 5, 6, 10, 125, 1875]
[3, 5, 6, 10, 250, 625]
[3, 5, 6, 10, 375, 625]
[3, 5, 6, 25, 125, 250]
[3, 5, 6, 25, 125, 3750]
[3, 5, 6, 25, 250, 1250]
[3, 5, 6, 25, 250, 1875]
[3, 5, 6, 25, 375, 1250]
[3, 5, 6, 25, 375, 1875]
[3, 5, 6, 25, 625, 750]
[3, 5, 6, 25, 625, 1250]
[3, 5, 6, 50, 75, 125]
[3, 5, 6, 50, 75, 625]
[3, 5, 6, 50, 125, 3750]
[3, 5, 6, 50, 625, 750]
[3, 5, 6, 75, 125, 1250]
[3, 5, 6, 75, 125, 1875]
[3, 5, 6, 75, 375, 625]
[3, 5, 6, 125, 150, 625]
[3, 5, 6, 125, 625, 1250]
[3, 5, 6, 150, 250, 625]
[3, 5, 6, 250, 375, 625]
[3, 6, 10, 25, 250, 1250]
[3, 6, 10, 25, 250, 1875]
[3, 6, 10, 25, 375, 1250]
[3, 6, 10, 25, 375, 1875]
[3, 6, 10, 50, 125, 1250]
[3, 6, 10, 50, 125, 1875]
[3, 6, 10, 50, 250, 625]
[3, 6, 10, 50, 375, 625]
[3, 6, 10, 75, 125, 1250]
[3, 6, 10, 75, 125, 1875]
[3, 6, 10, 75, 250, 625]
[3, 6, 10, 75, 375, 625]
[3, 6, 15, 25, 50, 125]
[3, 6, 15, 25, 50, 625]
[3, 6, 15, 25, 125, 1250]
[3, 6, 15, 25, 125, 1875]
[3, 6, 15, 25, 375, 625]
[3, 6, 15, 50, 125, 1250]
[3, 6, 15, 50, 125, 1875]
[3, 6, 15, 50, 250, 625]
[3, 6, 15, 50, 375, 625]
[3, 6, 15, 75, 125, 625]
[3, 6, 15, 75, 250, 625]
[3, 6, 15, 125, 250, 625]
[3, 6, 25, 30, 125, 625]
[3, 6, 25, 30, 250, 625]
[3, 6, 25, 50, 125, 1250]
[3, 6, 25, 50, 125, 1875]
[3, 6, 25, 50, 250, 625]
[3, 6, 25, 50, 375, 625]
[3, 6, 25, 125, 625, 1250]
[3, 6, 25, 250, 375, 625]
[3, 6, 75, 125, 250, 625]
[3, 5, 6, 25, 50, 125]
[3, 5, 6, 25, 50, 625]
[3, 5, 6, 25, 125, 1250]
[3, 5, 6, 25, 125, 1875]
[3, 5, 6, 25, 375, 625]
[3, 5, 6, 50, 125, 1250]
[3, 5, 6, 50, 125, 1875]
[3, 5, 6, 50, 250, 625]
[3, 5, 6, 50, 375, 625]
[3, 5, 6, 75, 125, 625]
[3, 5, 6, 75, 250, 625]
[3, 5, 6, 125, 250, 625]
[3, 6, 10, 15, 25, 125]
[3, 6, 10, 15, 25, 625]
[3, 6, 10, 15, 125, 625]
[3, 6, 10, 25, 125, 3750]
[3, 6, 10, 25, 625, 750]
[3, 6, 10, 125, 150, 625]
[3, 6, 15, 25, 125, 625]
[3, 6, 15, 25, 250, 625]
[3, 6, 25, 125, 250, 625]
[3, 6, 30, 50, 125, 625]
[3, 6, 50, 75, 125, 625]
[3, 5, 6, 10, 25, 125]
[3, 5, 6, 10, 25, 625]
[3, 5, 6, 10, 125, 625]
[3, 5, 6, 25, 125, 625]
[3, 5, 6, 25, 250, 625]
[3, 6, 10, 25, 125, 1250]
[3, 6, 10, 25, 125, 1875]
[3, 6, 10, 25, 250, 625]
[3, 6, 10, 25, 375, 625]
[3, 6, 10, 50, 125, 625]
[3, 6, 10, 75, 125, 625]
[3, 6, 15, 50, 125, 625]
[3, 6, 25, 50, 125, 625]
[3, 5, 6, 50, 125, 625]
[3, 6, 10, 25, 125, 625]

Cardinality 7
----------------------------------------
[3, 6, 10, 15, 150, 750, 3750]
[3, 6, 30, 50, 75, 750, 3750]
[3, 6, 30, 150, 250, 375, 3750]
[3, 6, 30, 150, 750, 1250, 1875]
[3, 5, 6, 10, 150, 750, 3750]
[3, 6, 10, 15, 50, 75, 750]
[3, 6, 10, 15, 50, 75, 3750]
[3, 6, 10, 15, 50, 750, 3750]
[3, 6, 10, 15, 75, 750, 3750]
[3, 6, 10, 15, 150, 250, 375]
[3, 6, 10, 15, 150, 250, 3750]
[3, 6, 10, 15, 150, 375, 3750]
[3, 6, 10, 15, 150, 750, 1250]
[3, 6, 10, 15, 150, 750, 1875]
[3, 6, 10, 15, 150, 1250, 1875]
[3, 6, 10, 15, 250, 375, 3750]
[3, 6, 10, 15, 750, 1250, 1875]
[3, 6, 10, 50, 75, 750, 3750]
[3, 6, 10, 150, 250, 375, 3750]
[3, 6, 10, 150, 750, 1250, 1875]
[3, 6, 15, 50, 75, 750, 3750]
[3, 6, 15, 150, 250, 375, 3750]
[3, 6, 15, 150, 750, 1250, 1875]
[3, 6, 25, 30, 50, 750, 3750]
[3, 6, 30, 50, 75, 250, 375]
[3, 6, 30, 50, 75, 250, 3750]
[3, 6, 30, 50, 75, 375, 3750]
[3, 6, 30, 50, 75, 750, 1250]
[3, 6, 30, 50, 75, 750, 1875]
[3, 6, 30, 50, 75, 1250, 1875]
[3, 6, 30, 50, 250, 375, 3750]
[3, 6, 30, 50, 750, 1250, 1875]
[3, 6, 30, 75, 250, 375, 3750]
[3, 6, 30, 75, 750, 1250, 1875]
[3, 6, 30, 125, 150, 250, 3750]
[3, 6, 30, 150, 250, 375, 1250]
[3, 6, 30, 150, 250, 375, 1875]
[3, 6, 30, 150, 250, 1250, 1875]
[3, 6, 30, 150, 375, 1250, 1875]
[3, 6, 30, 150, 625, 750, 1250]
[3, 6, 30, 250, 375, 1250, 1875]
[3, 6, 50, 75, 250, 375, 3750]
[3, 6, 50, 75, 750, 1250, 1875]
[3, 6, 150, 250, 375, 1250, 1875]
[3, 5, 6, 10, 50, 75, 750]
[3, 5, 6, 10, 50, 75, 3750]
[3, 5, 6, 10, 50, 750, 3750]
[3, 5, 6, 10, 75, 750, 3750]
[3, 5, 6, 10, 150, 250, 375]
[3, 5, 6, 10, 150, 250, 3750]
[3, 5, 6, 10, 150, 375, 3750]
[3, 5, 6, 10, 150, 750, 1250]
[3, 5, 6, 10, 150, 750, 1875]
[3, 5, 6, 10, 150, 1250, 1875]
[3, 5, 6, 10, 250, 375, 3750]
[3, 5, 6, 10, 750, 1250, 1875]
[3, 5, 6, 50, 75, 750, 3750]
[3, 5, 6, 150, 250, 375, 3750]
[3, 5, 6, 150, 750, 1250, 1875]
[3, 6, 10, 15, 50, 75, 250]
[3, 6, 10, 15, 50, 75, 375]
[3, 6, 10, 15, 50, 75, 1250]
[3, 6, 10, 15, 50, 75, 1875]
[3, 6, 10, 15, 50, 250, 375]
[3, 6, 10, 15, 50, 250, 3750]
[3, 6, 10, 15, 50, 375, 3750]
[3, 6, 10, 15, 50, 750, 1250]
[3, 6, 10, 15, 50, 750, 1875]
[3, 6, 10, 15, 50, 1250, 1875]
[3, 6, 10, 15, 75, 250, 375]
[3, 6, 10, 15, 75, 250, 3750]
[3, 6, 10, 15, 75, 375, 3750]
[3, 6, 10, 15, 75, 750, 1250]
[3, 6, 10, 15, 75, 750, 1875]
[3, 6, 10, 15, 75, 1250, 1875]
[3, 6, 10, 15, 150, 250, 1250]
[3, 6, 10, 15, 150, 250, 1875]
[3, 6, 10, 15, 150, 375, 1250]
[3, 6, 10, 15, 150, 375, 1875]
[3, 6, 10, 15, 250, 375, 1250]
[3, 6, 10, 15, 250, 375, 1875]
[3, 6, 10, 15, 250, 1250, 1875]
[3, 6, 10, 15, 375, 1250, 1875]
[3, 6, 10, 50, 75, 250, 375]
[3, 6, 10, 50, 75, 250, 3750]
[3, 6, 10, 50, 75, 375, 3750]
[3, 6, 10, 50, 75, 750, 1250]
[3, 6, 10, 50, 75, 750, 1875]
[3, 6, 10, 50, 75, 1250, 1875]
[3, 6, 10, 50, 250, 375, 3750]
[3, 6, 10, 50, 750, 1250, 1875]
[3, 6, 10, 75, 250, 375, 3750]
[3, 6, 10, 75, 750, 1250, 1875]
[3, 6, 10, 150, 250, 375, 1250]
[3, 6, 10, 150, 250, 375, 1875]
[3, 6, 10, 150, 250, 1250, 1875]
[3, 6, 10, 150, 375, 1250, 1875]
[3, 6, 10, 250, 375, 1250, 1875]
[3, 6, 15, 25, 50, 750, 3750]
[3, 6, 15, 50, 75, 250, 375]
[3, 6, 15, 50, 75, 250, 3750]
[3, 6, 15, 50, 75, 375, 3750]
[3, 6, 15, 50, 75, 750, 1250]
[3, 6, 15, 50, 75, 750, 1875]
[3, 6, 15, 50, 75, 1250, 1875]
[3, 6, 15, 50, 250, 375, 3750]
[3, 6, 15, 50, 750, 1250, 1875]
[3, 6, 15, 75, 250, 375, 3750]
[3, 6, 15, 75, 750, 1250, 1875]
[3, 6, 15, 125, 150, 250, 3750]
[3, 6, 15, 150, 250, 375, 1250]
[3, 6, 15, 150, 250, 375, 1875]
[3, 6, 15, 150, 250, 1250, 1875]
[3, 6, 15, 150, 375, 1250, 1875]
[3, 6, 15, 150, 625, 750, 1250]
[3, 6, 15, 250, 375, 1250, 1875]
[3, 6, 25, 30, 50, 250, 375]
[3, 6, 25, 30, 50, 250, 3750]
[3, 6, 25, 30, 50, 375, 3750]
[3, 6, 25, 30, 50, 750, 1250]
[3, 6, 25, 30, 50, 750, 1875]
[3, 6, 25, 30, 50, 1250, 1875]
[3, 6, 25, 30, 250, 375, 3750]
[3, 6, 25, 30, 750, 1250, 1875]
[3, 6, 25, 50, 250, 375, 3750]
[3, 6, 25, 50, 750, 1250, 1875]
[3, 6, 30, 50, 75, 250, 1250]
[3, 6, 30, 50, 75, 250, 1875]
[3, 6, 30, 50, 75, 375, 1250]
[3, 6, 30, 50, 75, 375, 1875]
[3, 6, 30, 50, 250, 375, 1250]
[3, 6, 30, 50, 250, 375, 1875]
[3, 6, 30, 50, 250, 1250, 1875]
[3, 6, 30, 50, 375, 1250, 1875]
[3, 6, 30, 75, 125, 250, 3750]
[3, 6, 30, 75, 250, 375, 1250]
[3, 6, 30, 75, 250, 375, 1875]
[3, 6, 30, 75, 250, 1250, 1875]
[3, 6, 30, 75, 375, 1250, 1875]
[3, 6, 30, 75, 625, 750, 1250]
[3, 6, 30, 125, 150, 250, 1250]
[3, 6, 30, 125, 150, 250, 1875]
[3, 6, 30, 125, 150, 1250, 1875]
[3, 6, 30, 125, 250, 1250, 1875]
[3, 6, 30, 150, 375, 625, 1250]
[3, 6, 50, 75, 250, 375, 1250]
[3, 6, 50, 75, 250, 375, 1875]
[3, 6, 50, 75, 250, 1250, 1875]
[3, 6, 50, 75, 375, 1250, 1875]
[3, 6, 50, 250, 375, 1250, 1875]
[3, 6, 75, 250, 375, 1250, 1875]
[3, 6, 125, 150, 250, 1250, 1875]
[3, 5, 6, 10, 50, 75, 250]
[3, 5, 6, 10, 50, 75, 375]
[3, 5, 6, 10, 50, 75, 1250]
[3, 5, 6, 10, 50, 75, 1875]
[3, 5, 6, 10, 50, 250, 375]
[3, 5, 6, 10, 50, 250, 3750]
[3, 5, 6, 10, 50, 375, 3750]
[3, 5, 6, 10, 50, 750, 1250]
[3, 5, 6, 10, 50, 750, 1875]
[3, 5, 6, 10, 50, 1250, 1875]
[3, 5, 6, 10, 75, 250, 375]
[3, 5, 6, 10, 75, 250, 3750]
[3, 5, 6, 10, 75, 375, 3750]
[3, 5, 6, 10, 75, 750, 1250]
[3, 5, 6, 10, 75, 750, 1875]
[3, 5, 6, 10, 75, 1250, 1875]
[3, 5, 6, 10, 150, 250, 1250]
[3, 5, 6, 10, 150, 250, 1875]
[3, 5, 6, 10, 150, 375, 1250]
[3, 5, 6, 10, 150, 375, 1875]
[3, 5, 6, 10, 250, 375, 1250]
[3, 5, 6, 10, 250, 375, 1875]
[3, 5, 6, 10, 250, 1250, 1875]
[3, 5, 6, 10, 375, 1250, 1875]
[3, 5, 6, 25, 50, 750, 3750]
[3, 5, 6, 50, 75, 250, 375]
[3, 5, 6, 50, 75, 250, 3750]
[3, 5, 6, 50, 75, 375, 3750]
[3, 5, 6, 50, 75, 750, 1250]
[3, 5, 6, 50, 75, 750, 1875]
[3, 5, 6, 50, 75, 1250, 1875]
[3, 5, 6, 50, 250, 375, 3750]
[3, 5, 6, 50, 750, 1250, 1875]
[3, 5, 6, 75, 250, 375, 3750]
[3, 5, 6, 75, 750, 1250, 1875]
[3, 5, 6, 125, 150, 250, 3750]
[3, 5, 6, 150, 250, 375, 1250]
[3, 5, 6, 150, 250, 375, 1875]
[3, 5, 6, 150, 250, 1250, 1875]
[3, 5, 6, 150, 375, 1250, 1875]
[3, 5, 6, 150, 625, 750, 1250]
[3, 5, 6, 250, 375, 1250, 1875]
[3, 6, 10, 15, 25, 750, 3750]
[3, 6, 10, 15, 50, 250, 1250]
[3, 6, 10, 15, 50, 250, 1875]
[3, 6, 10, 15, 50, 375, 1250]
[3, 6, 10, 15, 50, 375, 1875]
[3, 6, 10, 15, 75, 250, 1250]
[3, 6, 10, 15, 75, 250, 1875]
[3, 6, 10, 15, 75, 375, 1250]
[3, 6, 10, 15, 75, 375, 1875]
[3, 6, 10, 15, 125, 150, 3750]
[3, 6, 10, 15, 150, 625, 750]
[3, 6, 10, 50, 75, 250, 1250]
[3, 6, 10, 50, 75, 250, 1875]
[3, 6, 10, 50, 75, 375, 1250]
[3, 6, 10, 50, 75, 375, 1875]
[3, 6, 10, 50, 250, 375, 1250]
[3, 6, 10, 50, 250, 375, 1875]
[3, 6, 10, 50, 250, 1250, 1875]
[3, 6, 10, 50, 375, 1250, 1875]
[3, 6, 10, 75, 250, 375, 1250]
[3, 6, 10, 75, 250, 375, 1875]
[3, 6, 10, 75, 250, 1250, 1875]
[3, 6, 10, 75, 375, 1250, 1875]
[3, 6, 15, 25, 50, 250, 375]
[3, 6, 15, 25, 50, 250, 3750]
[3, 6, 15, 25, 50, 375, 3750]
[3, 6, 15, 25, 50, 750, 1250]
[3, 6, 15, 25, 50, 750, 1875]
[3, 6, 15, 25, 50, 1250, 1875]
[3, 6, 15, 25, 250, 375, 3750]
[3, 6, 15, 25, 750, 1250, 1875]
[3, 6, 15, 50, 75, 250, 1250]
[3, 6, 15, 50, 75, 250, 1875]
[3, 6, 15, 50, 75, 375, 1250]
[3, 6, 15, 50, 75, 375, 1875]
[3, 6, 15, 50, 250, 375, 1250]
[3, 6, 15, 50, 250, 375, 1875]
[3, 6, 15, 50, 250, 1250, 1875]
[3, 6, 15, 50, 375, 1250, 1875]
[3, 6, 15, 75, 125, 250, 3750]
[3, 6, 15, 75, 250, 375, 1250]
[3, 6, 15, 75, 250, 375, 1875]
[3, 6, 15, 75, 250, 1250, 1875]
[3, 6, 15, 75, 375, 1250, 1875]
[3, 6, 15, 75, 625, 750, 1250]
[3, 6, 15, 125, 150, 250, 1250]
[3, 6, 15, 125, 150, 250, 1875]
[3, 6, 15, 125, 150, 1250, 1875]
[3, 6, 15, 125, 250, 1250, 1875]
[3, 6, 15, 150, 375, 625, 1250]
[3, 6, 25, 30, 50, 250, 1250]
[3, 6, 25, 30, 50, 250, 1875]
[3, 6, 25, 30, 50, 375, 1250]
[3, 6, 25, 30, 50, 375, 1875]
[3, 6, 25, 30, 125, 250, 3750]
[3, 6, 25, 30, 250, 375, 1250]
[3, 6, 25, 30, 250, 375, 1875]
[3, 6, 25, 30, 250, 1250, 1875]
[3, 6, 25, 30, 375, 1250, 1875]
[3, 6, 25, 30, 625, 750, 1250]
[3, 6, 25, 50, 250, 375, 1250]
[3, 6, 25, 50, 250, 375, 1875]
[3, 6, 25, 50, 250, 1250, 1875]
[3, 6, 25, 50, 375, 1250, 1875]
[3, 6, 25, 250, 375, 1250, 1875]
[3, 6, 30, 50, 75, 125, 3750]
[3, 6, 30, 50, 75, 625, 750]
[3, 6, 30, 75, 125, 250, 1250]
[3, 6, 30, 75, 125, 250, 1875]
[3, 6, 30, 75, 125, 1250, 1875]
[3, 6, 30, 75, 375, 625, 1250]
[3, 6, 30, 125, 150, 625, 1250]
[3, 6, 30, 150, 250, 375, 625]
[3, 6, 75, 125, 250, 1250, 1875]
[3, 5, 6, 10, 25, 750, 3750]
[3, 5, 6, 10, 50, 250, 1250]
[3, 5, 6, 10, 50, 250, 1875]
[3, 5, 6, 10, 50, 375, 1250]
[3, 5, 6, 10, 50, 375, 1875]
[3, 5, 6, 10, 75, 250, 1250]
[3, 5, 6, 10, 75, 250, 1875]
[3, 5, 6, 10, 75, 375, 1250]
[3, 5, 6, 10, 75, 375, 1875]
[3, 5, 6, 10, 125, 150, 3750]
[3, 5, 6, 10, 150, 625, 750]
[3, 5, 6, 25, 50, 250, 375]
[3, 5, 6, 25, 50, 250, 3750]
[3, 5, 6, 25, 50, 375, 3750]
[3, 5, 6, 25, 50, 750, 1250]
[3, 5, 6, 25, 50, 750, 1875]
[3, 5, 6, 25, 50, 1250, 1875]
[3, 5, 6, 25, 250, 375, 3750]
[3, 5, 6, 25, 750, 1250, 1875]
[3, 5, 6, 50, 75, 250, 1250]
[3, 5, 6, 50, 75, 250, 1875]
[3, 5, 6, 50, 75, 375, 1250]
[3, 5, 6, 50, 75, 375, 1875]
[3, 5, 6, 50, 250, 375, 1250]
[3, 5, 6, 50, 250, 375, 1875]
[3, 5, 6, 50, 250, 1250, 1875]
[3, 5, 6, 50, 375, 1250, 1875]
[3, 5, 6, 75, 125, 250, 3750]
[3, 5, 6, 75, 250, 375, 1250]
[3, 5, 6, 75, 250, 375, 1875]
[3, 5, 6, 75, 250, 1250, 1875]
[3, 5, 6, 75, 375, 1250, 1875]
[3, 5, 6, 75, 625, 750, 1250]
[3, 5, 6, 125, 150, 250, 1250]
[3, 5, 6, 125, 150, 250, 1875]
[3, 5, 6, 125, 150, 1250, 1875]
[3, 5, 6, 125, 250, 1250, 1875]
[3, 5, 6, 150, 375, 625, 1250]
[3, 6, 10, 15, 25, 250, 375]
[3, 6, 10, 15, 25, 250, 3750]
[3, 6, 10, 15, 25, 375, 3750]
[3, 6, 10, 15, 25, 750, 1250]
[3, 6, 10, 15, 25, 750, 1875]
[3, 6, 10, 15, 25, 1250, 1875]
[3, 6, 10, 15, 50, 75, 125]
[3, 6, 10, 15, 50, 75, 625]
[3, 6, 10, 15, 50, 125, 3750]
[3, 6, 10, 15, 50, 625, 750]
[3, 6, 10, 15, 75, 125, 3750]
[3, 6, 10, 15, 75, 625, 750]
[3, 6, 10, 15, 125, 150, 1250]
[3, 6, 10, 15, 125, 150, 1875]
[3, 6, 10, 15, 125, 1250, 1875]
[3, 6, 10, 15, 150, 250, 625]
[3, 6, 10, 15, 150, 375, 625]
[3, 6, 10, 15, 250, 375, 625]
[3, 6, 10, 25, 250, 375, 3750]
[3, 6, 10, 25, 750, 1250, 1875]
[3, 6, 10, 50, 75, 125, 3750]
[3, 6, 10, 50, 75, 625, 750]
[3, 6, 10, 125, 150, 1250, 1875]
[3, 6, 10, 150, 250, 375, 625]
[3, 6, 15, 25, 50, 250, 1250]
[3, 6, 15, 25, 50, 250, 1875]
[3, 6, 15, 25, 50, 375, 1250]
[3, 6, 15, 25, 50, 375, 1875]
[3, 6, 15, 25, 125, 250, 3750]
[3, 6, 15, 25, 250, 375, 1250]
[3, 6, 15, 25, 250, 375, 1875]
[3, 6, 15, 25, 250, 1250, 1875]
[3, 6, 15, 25, 375, 1250, 1875]
[3, 6, 15, 25, 625, 750, 1250]
[3, 6, 15, 50, 75, 125, 3750]
[3, 6, 15, 50, 75, 625, 750]
[3, 6, 15, 75, 125, 250, 1250]
[3, 6, 15, 75, 125, 250, 1875]
[3, 6, 15, 75, 125, 1250, 1875]
[3, 6, 15, 75, 375, 625, 1250]
[3, 6, 15, 125, 150, 625, 1250]
[3, 6, 15, 150, 250, 375, 625]
[3, 6, 25, 30, 50, 125, 3750]
[3, 6, 25, 30, 50, 625, 750]
[3, 6, 25, 30, 125, 250, 1250]
[3, 6, 25, 30, 125, 250, 1875]
[3, 6, 25, 30, 125, 1250, 1875]
[3, 6, 25, 30, 375, 625, 1250]
[3, 6, 25, 125, 250, 1250, 1875]
[3, 6, 30, 50, 75, 125, 1250]
[3, 6, 30, 50, 75, 125, 1875]
[3, 6, 30, 50, 75, 250, 625]
[3, 6, 30, 50, 75, 375, 625]
[3, 6, 30, 50, 125, 1250, 1875]
[3, 6, 30, 50, 250, 375, 625]
[3, 6, 30, 75, 125, 625, 1250]
[3, 6, 30, 75, 250, 375, 625]
[3, 6, 30, 125, 150, 250, 625]
[3, 6, 50, 75, 125, 1250, 1875]
[3, 6, 50, 75, 250, 375, 625]
[3, 5, 6, 10, 25, 250, 375]
[3, 5, 6, 10, 25, 250, 3750]
[3, 5, 6, 10, 25, 375, 3750]
[3, 5, 6, 10, 25, 750, 1250]
[3, 5, 6, 10, 25, 750, 1875]
[3, 5, 6, 10, 25, 1250, 1875]
[3, 5, 6, 10, 50, 75, 125]
[3, 5, 6, 10, 50, 75, 625]
[3, 5, 6, 10, 50, 125, 3750]
[3, 5, 6, 10, 50, 625, 750]
[3, 5, 6, 10, 75, 125, 3750]
[3, 5, 6, 10, 75, 625, 750]
[3, 5, 6, 10, 125, 150, 1250]
[3, 5, 6, 10, 125, 150, 1875]
[3, 5, 6, 10, 125, 1250, 1875]
[3, 5, 6, 10, 150, 250, 625]
[3, 5, 6, 10, 150, 375, 625]
[3, 5, 6, 10, 250, 375, 625]
[3, 5, 6, 25, 50, 250, 1250]
[3, 5, 6, 25, 50, 250, 1875]
[3, 5, 6, 25, 50, 375, 1250]
[3, 5, 6, 25, 50, 375, 1875]
[3, 5, 6, 25, 125, 250, 3750]
[3, 5, 6, 25, 250, 375, 1250]
[3, 5, 6, 25, 250, 375, 1875]
[3, 5, 6, 25, 250, 1250, 1875]
[3, 5, 6, 25, 375, 1250, 1875]
[3, 5, 6, 25, 625, 750, 1250]
[3, 5, 6, 50, 75, 125, 3750]
[3, 5, 6, 50, 75, 625, 750]
[3, 5, 6, 75, 125, 250, 1250]
[3, 5, 6, 75, 125, 250, 1875]
[3, 5, 6, 75, 125, 1250, 1875]
[3, 5, 6, 75, 375, 625, 1250]
[3, 5, 6, 125, 150, 625, 1250]
[3, 5, 6, 150, 250, 375, 625]
[3, 6, 10, 15, 25, 250, 1250]
[3, 6, 10, 15, 25, 250, 1875]
[3, 6, 10, 15, 25, 375, 1250]
[3, 6, 10, 15, 25, 375, 1875]
[3, 6, 10, 15, 50, 125, 1250]
[3, 6, 10, 15, 50, 125, 1875]
[3, 6, 10, 15, 50, 250, 625]
[3, 6, 10, 15, 50, 375, 625]
[3, 6, 10, 15, 75, 125, 1250]
[3, 6, 10, 15, 75, 125, 1875]
[3, 6, 10, 15, 75, 250, 625]
[3, 6, 10, 15, 75, 375, 625]
[3, 6, 10, 25, 250, 375, 1250]
[3, 6, 10, 25, 250, 375, 1875]
[3, 6, 10, 25, 250, 1250, 1875]
[3, 6, 10, 25, 375, 1250, 1875]
[3, 6, 10, 50, 75, 125, 1250]
[3, 6, 10, 50, 75, 125, 1875]
[3, 6, 10, 50, 75, 250, 625]
[3, 6, 10, 50, 75, 375, 625]
[3, 6, 10, 50, 125, 1250, 1875]
[3, 6, 10, 50, 250, 375, 625]
[3, 6, 10, 75, 125, 1250, 1875]
[3, 6, 10, 75, 250, 375, 625]
[3, 6, 15, 25, 50, 125, 3750]
[3, 6, 15, 25, 50, 625, 750]
[3, 6, 15, 25, 125, 250, 1250]
[3, 6, 15, 25, 125, 250, 1875]
[3, 6, 15, 25, 125, 1250, 1875]
[3, 6, 15, 25, 375, 625, 1250]
[3, 6, 15, 50, 75, 125, 1250]
[3, 6, 15, 50, 75, 125, 1875]
[3, 6, 15, 50, 75, 250, 625]
[3, 6, 15, 50, 75, 375, 625]
[3, 6, 15, 50, 125, 1250, 1875]
[3, 6, 15, 50, 250, 375, 625]
[3, 6, 15, 75, 125, 625, 1250]
[3, 6, 15, 75, 250, 375, 625]
[3, 6, 15, 125, 150, 250, 625]
[3, 6, 25, 30, 50, 125, 1250]
[3, 6, 25, 30, 50, 125, 1875]
[3, 6, 25, 30, 50, 250, 625]
[3, 6, 25, 30, 50, 375, 625]
[3, 6, 25, 30, 125, 625, 1250]
[3, 6, 25, 30, 250, 375, 625]
[3, 6, 25, 50, 125, 1250, 1875]
[3, 6, 25, 50, 250, 375, 625]
[3, 6, 30, 75, 125, 250, 625]
[3, 5, 6, 10, 25, 250, 1250]
[3, 5, 6, 10, 25, 250, 1875]
[3, 5, 6, 10, 25, 375, 1250]
[3, 5, 6, 10, 25, 375, 1875]
[3, 5, 6, 10, 50, 125, 1250]
[3, 5, 6, 10, 50, 125, 1875]
[3, 5, 6, 10, 50, 250, 625]
[3, 5, 6, 10, 50, 375, 625]
[3, 5, 6, 10, 75, 125, 1250]
[3, 5, 6, 10, 75, 125, 1875]
[3, 5, 6, 10, 75, 250, 625]
[3, 5, 6, 10, 75, 375, 625]
[3, 5, 6, 25, 50, 125, 3750]
[3, 5, 6, 25, 50, 625, 750]
[3, 5, 6, 25, 125, 250, 1250]
[3, 5, 6, 25, 125, 250, 1875]
[3, 5, 6, 25, 125, 1250, 1875]
[3, 5, 6, 25, 375, 625, 1250]
[3, 5, 6, 50, 75, 125, 1250]
[3, 5, 6, 50, 75, 125, 1875]
[3, 5, 6, 50, 75, 250, 625]
[3, 5, 6, 50, 75, 375, 625]
[3, 5, 6, 50, 125, 1250, 1875]
[3, 5, 6, 50, 250, 375, 625]
[3, 5, 6, 75, 125, 625, 1250]
[3, 5, 6, 75, 250, 375, 625]
[3, 5, 6, 125, 150, 250, 625]
[3, 6, 10, 15, 25, 125, 3750]
[3, 6, 10, 15, 25, 625, 750]
[3, 6, 10, 15, 125, 150, 625]
[3, 6, 15, 25, 50, 125, 1250]
[3, 6, 15, 25, 50, 125, 1875]
[3, 6, 15, 25, 50, 250, 625]
[3, 6, 15, 25, 50, 375, 625]
[3, 6, 15, 25, 125, 625, 1250]
[3, 6, 15, 25, 250, 375, 625]
[3, 6, 15, 75, 125, 250, 625]
[3, 6, 25, 30, 125, 250, 625]
[3, 6, 30, 50, 75, 125, 625]
[3, 5, 6, 10, 25, 125, 3750]
[3, 5, 6, 10, 25, 625, 750]
[3, 5, 6, 10, 125, 150, 625]
[3, 5, 6, 25, 50, 125, 1250]
[3, 5, 6, 25, 50, 125, 1875]
[3, 5, 6, 25, 50, 250, 625]
[3, 5, 6, 25, 50, 375, 625]
[3, 5, 6, 25, 125, 625, 1250]
[3, 5, 6, 25, 250, 375, 625]
[3, 5, 6, 75, 125, 250, 625]
[3, 6, 10, 15, 25, 125, 1250]
[3, 6, 10, 15, 25, 125, 1875]
[3, 6, 10, 15, 25, 250, 625]
[3, 6, 10, 15, 25, 375, 625]
[3, 6, 10, 15, 50, 125, 625]
[3, 6, 10, 15, 75, 125, 625]
[3, 6, 10, 25, 125, 1250, 1875]
[3, 6, 10, 25, 250, 375, 625]
[3, 6, 10, 50, 75, 125, 625]
[3, 6, 15, 25, 125, 250, 625]
[3, 6, 15, 50, 75, 125, 625]
[3, 6, 25, 30, 50, 125, 625]
[3, 5, 6, 10, 25, 125, 1250]
[3, 5, 6, 10, 25, 125, 1875]
[3, 5, 6, 10, 25, 250, 625]
[3, 5, 6, 10, 25, 375, 625]
[3, 5, 6, 10, 50, 125, 625]
[3, 5, 6, 10, 75, 125, 625]
[3, 5, 6, 25, 125, 250, 625]
[3, 5, 6, 50, 75, 125, 625]
[3, 6, 15, 25, 50, 125, 625]
[3, 5, 6, 25, 50, 125, 625]
[3, 6, 10, 15, 25, 125, 625]
[3, 5, 6, 10, 25, 125, 625]

Cardinality 8
----------------------------------------
[3, 6, 10, 15, 50, 75, 750, 3750]
[3, 6, 10, 15, 150, 250, 375, 3750]
[3, 6, 10, 15, 150, 750, 1250, 1875]
[3, 6, 30, 50, 75, 250, 375, 3750]
[3, 6, 30, 50, 75, 750, 1250, 1875]
[3, 6, 30, 150, 250, 375, 1250, 1875]
[3, 5, 6, 10, 50, 75, 750, 3750]
[3, 5, 6, 10, 150, 250, 375, 3750]
[3, 5, 6, 10, 150, 750, 1250, 1875]
[3, 6, 10, 15, 50, 75, 250, 375]
[3, 6, 10, 15, 50, 75, 250, 3750]
[3, 6, 10, 15, 50, 75, 375, 3750]
[3, 6, 10, 15, 50, 75, 750, 1250]
[3, 6, 10, 15, 50, 75, 750, 1875]
[3, 6, 10, 15, 50, 75, 1250, 1875]
[3, 6, 10, 15, 50, 250, 375, 3750]
[3, 6, 10, 15, 50, 750, 1250, 1875]
[3, 6, 10, 15, 75, 250, 375, 3750]
[3, 6, 10, 15, 75, 750, 1250, 1875]
[3, 6, 10, 15, 150, 250, 375, 1250]
[3, 6, 10, 15, 150, 250, 375, 1875]
[3, 6, 10, 15, 150, 250, 1250, 1875]
[3, 6, 10, 15, 150, 375, 1250, 1875]
[3, 6, 10, 15, 250, 375, 1250, 1875]
[3, 6, 10, 50, 75, 250, 375, 3750]
[3, 6, 10, 50, 75, 750, 1250, 1875]
[3, 6, 10, 150, 250, 375, 1250, 1875]
[3, 6, 15, 50, 75, 250, 375, 3750]
[3, 6, 15, 50, 75, 750, 1250, 1875]
[3, 6, 15, 150, 250, 375, 1250, 1875]
[3, 6, 25, 30, 50, 250, 375, 3750]
[3, 6, 25, 30, 50, 750, 1250, 1875]
[3, 6, 30, 50, 75, 250, 375, 1250]
[3, 6, 30, 50, 75, 250, 375, 1875]
[3, 6, 30, 50, 75, 250, 1250, 1875]
[3, 6, 30, 50, 75, 375, 1250, 1875]
[3, 6, 30, 50, 250, 375, 1250, 1875]
[3, 6, 30, 75, 250, 375, 1250, 1875]
[3, 6, 30, 125, 150, 250, 1250, 1875]
[3, 6, 50, 75, 250, 375, 1250, 1875]
[3, 5, 6, 10, 50, 75, 250, 375]
[3, 5, 6, 10, 50, 75, 250, 3750]
[3, 5, 6, 10, 50, 75, 375, 3750]
[3, 5, 6, 10, 50, 75, 750, 1250]
[3, 5, 6, 10, 50, 75, 750, 1875]
[3, 5, 6, 10, 50, 75, 1250, 1875]
[3, 5, 6, 10, 50, 250, 375, 3750]
[3, 5, 6, 10, 50, 750, 1250, 1875]
[3, 5, 6, 10, 75, 250, 375, 3750]
[3, 5, 6, 10, 75, 750, 1250, 1875]
[3, 5, 6, 10, 150, 250, 375, 1250]
[3, 5, 6, 10, 150, 250, 375, 1875]
[3, 5, 6, 10, 150, 250, 1250, 1875]
[3, 5, 6, 10, 150, 375, 1250, 1875]
[3, 5, 6, 10, 250, 375, 1250, 1875]
[3, 5, 6, 50, 75, 250, 375, 3750]
[3, 5, 6, 50, 75, 750, 1250, 1875]
[3, 5, 6, 150, 250, 375, 1250, 1875]
[3, 6, 10, 15, 50, 75, 250, 1250]
[3, 6, 10, 15, 50, 75, 250, 1875]
[3, 6, 10, 15, 50, 75, 375, 1250]
[3, 6, 10, 15, 50, 75, 375, 1875]
[3, 6, 10, 15, 50, 250, 375, 1250]
[3, 6, 10, 15, 50, 250, 375, 1875]
[3, 6, 10, 15, 50, 250, 1250, 1875]
[3, 6, 10, 15, 50, 375, 1250, 1875]
[3, 6, 10, 15, 75, 250, 375, 1250]
[3, 6, 10, 15, 75, 250, 375, 1875]
[3, 6, 10, 15, 75, 250, 1250, 1875]
[3, 6, 10, 15, 75, 375, 1250, 1875]
[3, 6, 10, 50, 75, 250, 375, 1250]
[3, 6, 10, 50, 75, 250, 375, 1875]
[3, 6, 10, 50, 75, 250, 1250, 1875]
[3, 6, 10, 50, 75, 375, 1250, 1875]
[3, 6, 10, 50, 250, 375, 1250, 1875]
[3, 6, 10, 75, 250, 375, 1250, 1875]
[3, 6, 15, 25, 50, 250, 375, 3750]
[3, 6, 15, 25, 50, 750, 1250, 1875]
[3, 6, 15, 50, 75, 250, 375, 1250]
[3, 6, 15, 50, 75, 250, 375, 1875]
[3, 6, 15, 50, 75, 250, 1250, 1875]
[3, 6, 15, 50, 75, 375, 1250, 1875]
[3, 6, 15, 50, 250, 375, 1250, 1875]
[3, 6, 15, 75, 250, 375, 1250, 1875]
[3, 6, 15, 125, 150, 250, 1250, 1875]
[3, 6, 25, 30, 50, 250, 375, 1250]
[3, 6, 25, 30, 50, 250, 375, 1875]
[3, 6, 25, 30, 50, 250, 1250, 1875]
[3, 6, 25, 30, 50, 375, 1250, 1875]
[3, 6, 25, 30, 250, 375, 1250, 1875]
[3, 6, 25, 50, 250, 375, 1250, 1875]
[3, 6, 30, 75, 125, 250, 1250, 1875]
[3, 5, 6, 10, 50, 75, 250, 1250]
[3, 5, 6, 10, 50, 75, 250, 1875]
[3, 5, 6, 10, 50, 75, 375, 1250]
[3, 5, 6, 10, 50, 75, 375, 1875]
[3, 5, 6, 10, 50, 250, 375, 1250]
[3, 5, 6, 10, 50, 250, 375, 1875]
[3, 5, 6, 10, 50, 250, 1250, 1875]
[3, 5, 6, 10, 50, 375, 1250, 1875]
[3, 5, 6, 10, 75, 250, 375, 1250]
[3, 5, 6, 10, 75, 250, 375, 1875]
[3, 5, 6, 10, 75, 250, 1250, 1875]
[3, 5, 6, 10, 75, 375, 1250, 1875]
[3, 5, 6, 25, 50, 250, 375, 3750]
[3, 5, 6, 25, 50, 750, 1250, 1875]
[3, 5, 6, 50, 75, 250, 375, 1250]
[3, 5, 6, 50, 75, 250, 375, 1875]
[3, 5, 6, 50, 75, 250, 1250, 1875]
[3, 5, 6, 50, 75, 375, 1250, 1875]
[3, 5, 6, 50, 250, 375, 1250, 1875]
[3, 5, 6, 75, 250, 375, 1250, 1875]
[3, 5, 6, 125, 150, 250, 1250, 1875]
[3, 6, 10, 15, 25, 250, 375, 3750]
[3, 6, 10, 15, 25, 750, 1250, 1875]
[3, 6, 10, 15, 50, 75, 125, 3750]
[3, 6, 10, 15, 50, 75, 625, 750]
[3, 6, 10, 15, 125, 150, 1250, 1875]
[3, 6, 10, 15, 150, 250, 375, 625]
[3, 6, 15, 25, 50, 250, 375, 1250]
[3, 6, 15, 25, 50, 250, 375, 1875]
[3, 6, 15, 25, 50, 250, 1250, 1875]
[3, 6, 15, 25, 50, 375, 1250, 1875]
[3, 6, 15, 25, 250, 375, 1250, 1875]
[3, 6, 15, 75, 125, 250, 1250, 1875]
[3, 6, 25, 30, 125, 250, 1250, 1875]
[3, 6, 30, 50, 75, 125, 1250, 1875]
[3, 6, 30, 50, 75, 250, 375, 625]
[3, 5, 6, 10, 25, 250, 375, 3750]
[3, 5, 6, 10, 25, 750, 1250, 1875]
[3, 5, 6, 10, 50, 75, 125, 3750]
[3, 5, 6, 10, 50, 75, 625, 750]
[3, 5, 6, 10, 125, 150, 1250, 1875]
[3, 5, 6, 10, 150, 250, 375, 625]
[3, 5, 6, 25, 50, 250, 375, 1250]
[3, 5, 6, 25, 50, 250, 375, 1875]
[3, 5, 6, 25, 50, 250, 1250, 1875]
[3, 5, 6, 25, 50, 375, 1250, 1875]
[3, 5, 6, 25, 250, 375, 1250, 1875]
[3, 5, 6, 75, 125, 250, 1250, 1875]
[3, 6, 10, 15, 25, 250, 375, 1250]
[3, 6, 10, 15, 25, 250, 375, 1875]
[3, 6, 10, 15, 25, 250, 1250, 1875]
[3, 6, 10, 15, 25, 375, 1250, 1875]
[3, 6, 10, 15, 50, 75, 125, 1250]
[3, 6, 10, 15, 50, 75, 125, 1875]
[3, 6, 10, 15, 50, 75, 250, 625]
[3, 6, 10, 15, 50, 75, 375, 625]
[3, 6, 10, 15, 50, 125, 1250, 1875]
[3, 6, 10, 15, 50, 250, 375, 625]
[3, 6, 10, 15, 75, 125, 1250, 1875]
[3, 6, 10, 15, 75, 250, 375, 625]
[3, 6, 10, 25, 250, 375, 1250, 1875]
[3, 6, 10, 50, 75, 125, 1250, 1875]
[3, 6, 10, 50, 75, 250, 375, 625]
[3, 6, 15, 25, 125, 250, 1250, 1875]
[3, 6, 15, 50, 75, 125, 1250, 1875]
[3, 6, 15, 50, 75, 250, 375, 625]
[3, 6, 25, 30, 50, 125, 1250, 1875]
[3, 6, 25, 30, 50, 250, 375, 625]
[3, 5, 6, 10, 25, 250, 375, 1250]
[3, 5, 6, 10, 25, 250, 375, 1875]
[3, 5, 6, 10, 25, 250, 1250, 1875]
[3, 5, 6, 10, 25, 375, 1250, 1875]
[3, 5, 6, 10, 50, 75, 125, 1250]
[3, 5, 6, 10, 50, 75, 125, 1875]
[3, 5, 6, 10, 50, 75, 250, 625]
[3, 5, 6, 10, 50, 75, 375, 625]
[3, 5, 6, 10, 50, 125, 1250, 1875]
[3, 5, 6, 10, 50, 250, 375, 625]
[3, 5, 6, 10, 75, 125, 1250, 1875]
[3, 5, 6, 10, 75, 250, 375, 625]
[3, 5, 6, 25, 125, 250, 1250, 1875]
[3, 5, 6, 50, 75, 125, 1250, 1875]
[3, 5, 6, 50, 75, 250, 375, 625]
[3, 6, 15, 25, 50, 125, 1250, 1875]
[3, 6, 15, 25, 50, 250, 375, 625]
[3, 5, 6, 25, 50, 125, 1250, 1875]
[3, 5, 6, 25, 50, 250, 375, 625]
[3, 6, 10, 15, 25, 125, 1250, 1875]
[3, 6, 10, 15, 25, 250, 375, 625]
[3, 6, 10, 15, 50, 75, 125, 625]
[3, 5, 6, 10, 25, 125, 1250, 1875]
[3, 5, 6, 10, 25, 250, 375, 625]
[3, 5, 6, 10, 50, 75, 125, 625]

Cardinality 9
----------------------------------------
[3, 6, 10, 15, 50, 75, 250, 375, 3750]
[3, 6, 10, 15, 50, 75, 750, 1250, 1875]
[3, 6, 10, 15, 150, 250, 375, 1250, 1875]
[3, 6, 30, 50, 75, 250, 375, 1250, 1875]
[3, 5, 6, 10, 50, 75, 250, 375, 3750]
[3, 5, 6, 10, 50, 75, 750, 1250, 1875]
[3, 5, 6, 10, 150, 250, 375, 1250, 1875]
[3, 6, 10, 15, 50, 75, 250, 375, 1250]
[3, 6, 10, 15, 50, 75, 250, 375, 1875]
[3, 6, 10, 15, 50, 75, 250, 1250, 1875]
[3, 6, 10, 15, 50, 75, 375, 1250, 1875]
[3, 6, 10, 15, 50, 250, 375, 1250, 1875]
[3, 6, 10, 15, 75, 250, 375, 1250, 1875]
[3, 6, 10, 50, 75, 250, 375, 1250, 1875]
[3, 6, 15, 50, 75, 250, 375, 1250, 1875]
[3, 6, 25, 30, 50, 250, 375, 1250, 1875]
[3, 5, 6, 10, 50, 75, 250, 375, 1250]
[3, 5, 6, 10, 50, 75, 250, 375, 1875]
[3, 5, 6, 10, 50, 75, 250, 1250, 1875]
[3, 5, 6, 10, 50, 75, 375, 1250, 1875]
[3, 5, 6, 10, 50, 250, 375, 1250, 1875]
[3, 5, 6, 10, 75, 250, 375, 1250, 1875]
[3, 5, 6, 50, 75, 250, 375, 1250, 1875]
[3, 6, 15, 25, 50, 250, 375, 1250, 1875]
[3, 5, 6, 25, 50, 250, 375, 1250, 1875]
[3, 6, 10, 15, 25, 250, 375, 1250, 1875]
[3, 6, 10, 15, 50, 75, 125, 1250, 1875]
[3, 6, 10, 15, 50, 75, 250, 375, 625]
[3, 5, 6, 10, 25, 250, 375, 1250, 1875]
[3, 5, 6, 10, 50, 75, 125, 1250, 1875]
[3, 5, 6, 10, 50, 75, 250, 375, 625]

Cardinality 10
----------------------------------------
[3, 6, 10, 15, 50, 75, 250, 375, 1250, 1875]
[3, 5, 6, 10, 50, 75, 250, 375, 1250, 1875]